(38, 28)
0
50
100
150
200
250
300
350
400
450
Epoch 0 average loss: 3.075797429703176
0
50
100
150
200
250
300
350
400
450
Epoch 1 average loss: 2.3616262866556643
0
50
100
150
200
250
300
350
400
450
Epoch 2 average loss: 2.3614280278235675
0
50
100
150
200
250
300
350
400
450
Epoch 3 average loss: 2.361105628967285
0
50
100
150
200
250
300
350
400
450
Epoch 4 average loss: 2.3608788644224403
0
50
100
150
200
250
300
350
400
450
Epoch 5 average loss: 2.3607147759199143
0
50
100
150
200
250
300
350
400
450
Epoch 6 average loss: 2.360593656241894
0
50
100
150
200
250
300
350
400
450
Epoch 7 average loss: 2.3605010208785533
0
50
100
150
200
250
300
350
400
450
Epoch 8 average loss: 2.360429267600179
0
50
100
150
200
250
300
350
400
450
Epoch 9 average loss: 2.3603715650737285
